1 0 0.999153461573994
1 0.1 0.723380646567594
1 0.2 0.829380689263323
1 0.3 0.823191822361393
1 0.4 0.788675454185149
1 0.5 0.717066948187588
1 0.6 0.679105240823733
1 0.7 0.599334053231481
1 0.8 0.516310693004545
1 0.9 0.410058550642733
1.5 0.1 0.732818409986778
1.5 0.2 0.802513614702768
1.5 0.3 0.819366586542865
1.5 0.4 0.788666091506795
1.5 0.5 0.717376700885951
1.5 0.6 0.68790009116451
1.5 0.7 0.601816832085223
1.5 0.8 0.503035807693333
1.5 0.9 0.395452223611569
2 0.1 0.730549428105155
2 0.2 0.72636257161207
2 0.3 0.819840625980358
2 0.4 0.78750748167528
2 0.5 0.703321594297367
2 0.6 0.670944931439945
2 0.7 0.6036664176894
2 0.8 0.518074314559458
2 0.9 0.408048582421852
2.5 0.1 0.913016985946984
2.5 0.2 0.687707524217808
2.5 0.3 0.731000379719843
2.5 0.4 0.751624396458565
2.5 0.5 0.674671812335527
2.5 0.6 0.642730663887636
2.5 0.7 0.607763176611515
2.5 0.8 0.519739919465007
2.5 0.9 0.406030102426476
3 0.1 0.936218110612066
3 0.2 0.761294504457598
3 0.3 0.704052898690791
3 0.4 0.720391916771535
3 0.5 0.673239679548357
3 0.6 0.594671222219109
3 0.7 0.586478990267869
3 0.8 0.503840491144065
3 0.9 0.420572938662083
3.5 0.1 0.96015300262765
3.5 0.2 0.891310143835775
3.5 0.3 0.696689291158073
3.5 0.4 0.640924355785481
3.5 0.5 0.644589899533845
3.5 0.6 0.608904324435265
3.5 0.7 0.554605952694085
3.5 0.8 0.499024265420423
3.5 0.9 0.412506184593263
4 0.1 0.973712413984484
4 0.2 0.919697691649217
4 0.3 0.763335454366166
4 0.4 0.67053568874799
4 0.5 0.591719913149256
4 0.6 0.551119142423149
4 0.7 0.534535854655365
4 0.8 0.497018492619568
4 0.9 0.416202760267282
4.5 0.1 0.974859319401208
4.5 0.2 0.907958025543167
4.5 0.3 0.828254153232004
4.5 0.4 0.68422398032432
4.5 0.5 0.597393205806104
4.5 0.6 0.550595458227154
4.5 0.7 0.560605142584491
4.5 0.8 0.48524632030348
4.5 0.9 0.414695819144681
5 0.1 0.975475005243439
5 0.2 0.921535071086903
5 0.3 0.81193950192273
5 0.4 0.696523702680373
5 0.5 0.61598729584376
5 0.6 0.57284528643604
5 0.7 0.536092467893896
5 0.8 0.487288304303498
5 0.9 0.411122626986933
1.5 0 0.999153461573994
2 0 0.999153461573994
2.5 0 0.999153461573994
3 0 0.999153461573994
3.5 0 0.999153461573994
4 0 0.999153461573994
4.5 0 0.999153461573994
5 0 0.999153461573994
